Count of combinations
% num: 1376256
dict_keys(['k_39', 'k_42', 'k_45', 'k_50'])
(162, 16, 16, 101): 6848
(162, 16, 16, 102): 6848
(162, 16, 16, 96): 6848
(162, 16, 16, 99): 6848
(162, 16, 16, 109): 6000
(162, 16, 16, 108): 6288
(162, 16, 16, 106): 6288
(162, 16, 16, 111): 6288
(162, 16, 16, 66): 5440
(162, 16, 16, 110): 6000
(162, 16, 16, 105): 6288
(162, 16, 16, 75): 6000
(162, 16, 16, 65): 5440
(162, 16, 16, 71): 5440
(162, 16, 16, 117): 6848
(162, 16, 16, 72): 6000
(162, 16, 16, 104): 6000
(162, 16, 16, 68): 5440
(162, 16, 16, 70): 6848
(162, 16, 16, 78): 6000
(162, 16, 16, 115): 6848
(162, 16, 16, 107): 6000
(162, 16, 16, 122): 6288
(162, 16, 16, 121): 6288
(162, 16, 16, 127): 6288
(162, 16, 16, 124): 6288
(162, 16, 16, 114): 5440
(162, 16, 16, 112): 6848
(162, 16, 16, 113): 5440
(162, 16, 16, 118): 6848
(162, 16, 16, 74): 6288
(162, 16, 16, 73): 6288
(162, 16, 16, 79): 6288
(162, 16, 16, 76): 6288
(162, 16, 16, 77): 6000
(162, 16, 16, 82): 5440
(162, 16, 16, 81): 5440
(162, 16, 16, 87): 5440
(162, 16, 16, 84): 5440
(162, 16, 16, 90): 6288
(162, 16, 16, 91): 6000
(162, 16, 16, 88): 6000
(162, 16, 16, 89): 6288
(162, 16, 16, 94): 6000
(162, 16, 16, 95): 6288
(162, 16, 16, 92): 6288
(162, 16, 16, 93): 6000
(162, 16, 16, 98): 5440
(162, 16, 16, 97): 5440
(162, 16, 16, 103): 5440
(162, 16, 16, 100): 5440
(162, 16, 16, 69): 6848
(162, 16, 16, 119): 5440
(162, 16, 16, 116): 5440
(162, 16, 16, 67): 6848
(162, 16, 16, 64): 6848
(162, 16, 16, 86): 6848
(162, 16, 16, 85): 6848
(162, 16, 16, 83): 6848
(162, 16, 16, 80): 6848
(162, 16, 16, 125): 6000
(162, 16, 16, 123): 6000
(162, 16, 16, 120): 6000
(162, 16, 16, 126): 6000
(162, 16, 16, 198): 6848
(162, 16, 16, 197): 6848
(162, 16, 16, 195): 6848
(162, 16, 16, 192): 6848
(162, 16, 16, 206): 6000
(162, 16, 16, 207): 6288
(162, 16, 16, 204): 6288
(162, 16, 16, 205): 6000
(162, 16, 16, 202): 6288
(162, 16, 16, 203): 6000
(162, 16, 16, 200): 6000
(162, 16, 16, 201): 6288
(162, 16, 16, 214): 6848
(162, 16, 16, 194): 5440
(162, 16, 16, 213): 6848
(162, 16, 16, 211): 6848
(162, 16, 16, 208): 6848
(162, 16, 16, 193): 5440
(162, 16, 16, 222): 6000
(162, 16, 16, 223): 6288
(162, 16, 16, 220): 6288
(162, 16, 16, 199): 5440
(162, 16, 16, 221): 6000
(162, 16, 16, 218): 6288
(162, 16, 16, 219): 6000
(162, 16, 16, 216): 6000
(162, 16, 16, 217): 6288
(162, 16, 16, 196): 5440
(162, 16, 16, 230): 6848
(162, 16, 16, 229): 6848
(162, 16, 16, 227): 6848
(162, 16, 16, 224): 6848
(162, 16, 16, 238): 6000
(162, 16, 16, 239): 6288
(162, 16, 16, 236): 6288
(162, 16, 16, 237): 6000
(162, 16, 16, 234): 6288
(162, 16, 16, 235): 6000
(162, 16, 16, 232): 6000
(162, 16, 16, 233): 6288
(162, 16, 16, 246): 6848
(162, 16, 16, 245): 6848
(162, 16, 16, 243): 6848
(162, 16, 16, 240): 6848
(162, 16, 16, 254): 6000
(162, 16, 16, 255): 6288
(162, 16, 16, 252): 6288
(162, 16, 16, 253): 6000
(162, 16, 16, 250): 6288
(162, 16, 16, 251): 6000
(162, 16, 16, 248): 6000
(162, 16, 16, 249): 6288
(162, 16, 16, 247): 5440
(162, 16, 16, 244): 5440
(162, 16, 16, 242): 5440
(162, 16, 16, 241): 5440
(162, 16, 16, 210): 5440
(162, 16, 16, 231): 5440
(162, 16, 16, 228): 5440
(162, 16, 16, 226): 5440
(162, 16, 16, 209): 5440
(162, 16, 16, 225): 5440
(162, 16, 16, 215): 5440
(162, 16, 16, 212): 5440
(162, 16, 16, 38): 5664
(162, 16, 16, 37): 5664
(162, 16, 16, 35): 5664
(162, 16, 16, 32): 5664
(162, 16, 16, 46): 4752
(162, 16, 16, 47): 4464
(162, 16, 16, 44): 4464
(162, 16, 16, 45): 4752
(162, 16, 16, 42): 4464
(162, 16, 16, 43): 4752
(162, 16, 16, 40): 4752
(162, 16, 16, 41): 4464
(162, 16, 16, 54): 5664
(162, 16, 16, 53): 5664
(162, 16, 16, 51): 5664
(162, 16, 16, 48): 5664
(162, 16, 16, 62): 4752
(162, 16, 16, 63): 4464
(162, 16, 16, 60): 4464
(162, 16, 16, 61): 4752
(162, 16, 16, 58): 4464
(162, 16, 16, 59): 4752
(162, 16, 16, 56): 4752
(162, 16, 16, 57): 4464
(162, 16, 16, 6): 5664
(162, 16, 16, 5): 5664
(162, 16, 16, 3): 5664
(162, 16, 16, 0): 5664
(162, 16, 16, 14): 4752
(162, 16, 16, 15): 4464
(162, 16, 16, 12): 4464
(162, 16, 16, 13): 4752
(162, 16, 16, 10): 4464
(162, 16, 16, 11): 4752
(162, 16, 16, 8): 4752
(162, 16, 16, 9): 4464
(162, 16, 16, 22): 5664
(162, 16, 16, 21): 5664
(162, 16, 16, 19): 5664
(162, 16, 16, 16): 5664
(162, 16, 16, 30): 4752
(162, 16, 16, 31): 4464
(162, 16, 16, 28): 4464
(162, 16, 16, 29): 4752
(162, 16, 16, 26): 4464
(162, 16, 16, 33): 3552
(162, 16, 16, 34): 3552
(162, 16, 16, 27): 4752
(162, 16, 16, 24): 4752
(162, 16, 16, 25): 4464
(162, 16, 16, 36): 3552
(162, 16, 16, 166): 5664
(162, 16, 16, 39): 3552
(162, 16, 16, 165): 5664
(162, 16, 16, 163): 5664
(162, 16, 16, 49): 3552
(162, 16, 16, 160): 5664
(162, 16, 16, 50): 3552
(162, 16, 16, 52): 3552
(162, 16, 16, 174): 4752
(162, 16, 16, 175): 4464
(162, 16, 16, 172): 4464
(162, 16, 16, 55): 3552
(162, 16, 16, 173): 4752
(162, 16, 16, 170): 4464
(162, 16, 16, 171): 4752
(162, 16, 16, 1): 3552
(162, 16, 16, 168): 4752
(162, 16, 16, 2): 3552
(162, 16, 16, 169): 4464
(162, 16, 16, 4): 3552
(162, 16, 16, 182): 5664
(162, 16, 16, 181): 5664
(162, 16, 16, 7): 3552
(162, 16, 16, 179): 5664
(162, 16, 16, 176): 5664
(162, 16, 16, 190): 4752
(162, 16, 16, 17): 3552
(162, 16, 16, 18): 3552
(162, 16, 16, 191): 4464
(162, 16, 16, 20): 3552
(162, 16, 16, 188): 4464
(162, 16, 16, 189): 4752
(162, 16, 16, 23): 3552
(162, 16, 16, 186): 4464
(162, 16, 16, 187): 4752
(162, 16, 16, 184): 4752
(162, 16, 16, 185): 4464
(162, 16, 16, 161): 3552
(162, 16, 16, 134): 5664
(162, 16, 16, 162): 3552
(162, 16, 16, 164): 3552
(162, 16, 16, 133): 5664
(162, 16, 16, 131): 5664
(162, 16, 16, 167): 3552
(162, 16, 16, 128): 5664
(162, 16, 16, 142): 4752
(162, 16, 16, 143): 4464
(162, 16, 16, 177): 3552
(162, 16, 16, 178): 3552
(162, 16, 16, 140): 4464
(162, 16, 16, 180): 3552
(162, 16, 16, 141): 4752
(162, 16, 16, 138): 4464
(162, 16, 16, 183): 3552
(162, 16, 16, 139): 4752
(162, 16, 16, 136): 4752
(162, 16, 16, 137): 4464
(162, 16, 16, 150): 5664
(162, 16, 16, 129): 3552
(162, 16, 16, 130): 3552
(162, 16, 16, 149): 5664
(162, 16, 16, 132): 3552
(162, 16, 16, 147): 5664
(162, 16, 16, 135): 3552
(162, 16, 16, 144): 5664
(162, 16, 16, 152): 4752
(162, 16, 16, 155): 4752
(162, 16, 16, 158): 4752
(162, 16, 16, 157): 4752
(162, 16, 16, 159): 4464
(162, 16, 16, 156): 4464
(162, 16, 16, 145): 3552
(162, 16, 16, 146): 3552
(162, 16, 16, 148): 3552
(162, 16, 16, 154): 4464
(162, 16, 16, 151): 3552
(162, 16, 16, 153): 4464
time: 81.41120338439941
